192 -489 17 17 1 1 
92 -129 17 17 0 1 
44 -333 17 17 3 1 
192 -542 17 17 1 1 
71 -255 17 17 2 1 
371 -259 17 17 1 1 
355 -547 17 17 0 1 
483 -282 17 17 3 1 
121 -189 17 17 3 1 
154 -176 17 17 3 1 
409 -388 17 17 3 1 
104 -468 17 17 0 1 
260 -291 17 17 3 1 
474 -366 17 17 1 1 
192 -325 17 17 3 1 
343 -456 17 17 1 1 
329 -108 17 17 1 1 
391 -155 17 17 1 1 
487 -262 17 17 0 1 
71 -497 17 17 1 1 
53 -144 17 17 1 1 
472 -70 17 17 0 1 
392 -203 17 17 2 1 
468 -567 17 17 2 1 
439 -194 17 17 0 1 
486 -595 17 17 2 1 
478 -160 17 17 1 1 
423 -524 17 17 0 1 
335 -237 17 17 1 1 
350 -561 17 17 0 1 
256 -264 17 17 1 1 
422 -102 17 17 2 1 
94 -195 17 17 1 1 
173 -187 17 17 0 1 
206 -486 17 17 0 1 
5 -218 17 17 0 1 
245 -361 17 17 2 1 
117 -480 17 17 2 1 
319 -69 17 17 3 1 
347 -456 17 17 1 1 
131 -354 17 17 3 1 
211 -388 17 17 2 1 
14 -384 17 17 0 1 
344 -201 17 17 2 1 
273 -348 17 17 0 1 
20 -267 17 17 1 1 
330 -326 17 17 0 1 
12 -62 17 17 0 1 
29 -56 17 17 1 1 
301 -98 17 17 1 1 
242 -247 17 17 0 1 
377 -387 17 17 0 1 
413 -264 17 17 3 1 
479 -529 17 17 2 1 
267 -130 17 17 2 1 
235 -196 17 17 3 1 
139 -404 17 17 0 1 
168 -453 17 17 1 1 
48 -516 17 17 3 1 
114 -327 17 17 0 1 
54 -79 17 17 2 1 
81 -248 17 17 0 1 
357 -115 17 17 1 1 
319 -527 17 17 1 1 
293 -67 17 17 3 1 
45 -447 17 17 2 1 
379 -238 17 17 1 1 
423 -192 17 17 3 1 
340 -266 17 17 0 1 
195 -227 17 17 3 1 
252 -272 17 17 3 1 
460 -67 17 17 2 1 
169 -319 17 17 1 1 
407 -492 17 17 3 1 
400 -416 17 17 0 1 
307 -131 17 17 2 1 
103 -79 17 17 0 1 
153 -563 17 17 0 1 
172 -104 17 17 1 1 
271 -384 17 17 0 1 
154 -148 17 17 1 1 
182 -190 17 17 3 1 
45 -101 17 17 0 1 
137 -509 17 17 0 1 
114 -346 17 17 3 1 
74 -259 17 17 3 1 
109 -297 17 17 2 1 
93 -472 17 17 0 1 
383 -381 17 17 3 1 
80 -379 17 17 1 1 
124 -100 17 17 1 1 
114 -295 17 17 3 1 
287 -221 17 17 2 1 
225 -90 17 17 2 1 
320 -281 17 17 0 1 
394 -577 17 17 0 1 
154 -319 17 17 1 1 
406 -146 17 17 0 1 
294 -414 17 17 1 1 
3 -266 17 17 3 1 
262 -58 17 17 3 1 
241 -241 17 17 2 1 
-5 -160 17 17 2 1 
63 -462 17 17 1 1 
353 -514 17 17 1 1 
344 -466 17 17 1 1 
262 -575 17 17 0 1 
260 -544 17 17 0 1 
46 -384 17 17 0 1 
241 -191 17 17 3 1 
149 -160 17 17 1 1 
389 -156 17 17 3 1 
0 -502 17 17 1 1 
87 -485 17 17 0 1 
375 -239 17 17 3 1 
425 -400 17 17 2 1 
251 -473 17 17 2 1 
113 -152 17 17 3 1 
412 -287 17 17 2 1 
108 -97 17 17 1 1 
95 -550 17 17 0 1 
145 -285 17 17 3 1 
59 -358 17 17 1 1 
385 -528 17 17 2 1 
258 -77 17 17 0 1 
298 -160 17 17 3 1 
279 -356 17 17 1 1 
179 -319 17 17 0 1 
195 -229 17 17 1 1 
172 -160 17 17 1 1 
418 -204 17 17 1 1 
261 -453 17 17 3 1 
191 -125 17 17 2 1 
410 -273 17 17 1 1 
240 -160 17 17 2 1 
472 -228 17 17 3 1 
463 -101 17 17 0 1 
101 -193 17 17 0 1 
328 -102 17 17 3 1 
211 -118 17 17 2 1 
365 -76 17 17 3 1 
66 -427 17 17 2 1 
331 -132 17 17 1 1 
412 -145 17 17 0 1 
432 -550 17 17 0 1 
68 -373 17 17 2 1 
102 -186 17 17 1 1 
467 -235 17 17 2 1 
319 -75 17 17 2 1 
166 -247 17 17 3 1 
211 -517 17 17 1 1 
457 -492 17 17 0 1 
126 -511 17 17 2 1 
98 -573 17 17 2 1 
195 -585 17 17 3 1 
251 -424 17 17 3 1 
435 -276 17 17 2 1 
117 -393 17 17 1 1 
235 -92 17 17 3 1 
430 -237 17 17 1 1 
386 -585 17 17 3 1 
124 -375 17 17 1 1 
328 -118 17 17 0 1 
326 -386 17 17 2 1 
218 -430 17 17 2 1 
111 -568 17 17 0 1 
354 -191 17 17 0 1 
287 -55 17 17 3 1 
252 -104 17 17 3 1 
219 -206 17 17 3 1 
430 -392 17 17 2 1 
355 -513 17 17 3 1 
392 -65 17 17 0 1 
449 -472 17 17 3 1 
313 -339 17 17 3 1 
232 -171 17 17 3 1 
139 -445 17 17 1 1 
384 -387 17 17 1 1 
281 -432 17 17 1 1 
432 -534 17 17 0 1 
384 -447 17 17 0 1 
199 -507 17 17 3 1 
117 -346 17 17 3 1 
392 -389 17 17 0 1 
335 -377 17 17 2 1 
247 -160 17 17 1 1 
323 -459 17 17 1 1 
142 -160 17 17 1 1 
140 -299 17 17 3 1 
71 -511 17 17 3 1 
219 -167 17 17 1 1 
331 -541 17 17 2 1 
139 -529 17 17 1 1 
488 -160 17 17 0 1 
104 -62 17 17 0 1 
250 -523 17 17 0 1 
283 -437 17 17 2 1 
286 -293 17 17 1 1 
232 -91 17 17 0 1 
156 -160 17 17 2 1 
398 -179 17 17 3 1 
248 -370 17 17 1 1 
359 -219 17 17 2 1 
344 -443 17 17 0 1 
224 -164 17 17 3 1 
422 -261 17 17 0 1 
38 -90 17 17 2 1 
326 -509 17 17 3 1 
283 -333 17 17 2 1 
297 -358 17 17 2 1 
123 -545 17 17 2 1 
293 -90 17 17 2 1 
10 -252 17 17 1 1 
447 -194 17 17 0 1 
472 -80 17 17 3 1 
255 -446 17 17 0 1 
310 -78 17 17 3 1 
47 -113 17 17 2 1 
495 -478 17 17 0 1 
339 -407 17 17 1 1 
287 -325 17 17 1 1 
157 -414 17 17 3 1 
189 -550 17 17 3 1 
331 -378 17 17 2 1 
337 -489 17 17 1 1 
383 -584 17 17 3 1 
364 -581 17 17 1 1 
183 -69 17 17 2 1 
345 -322 17 17 1 1 
423 -367 17 17 1 1 
391 -220 17 17 2 1 
163 -574 17 17 1 1 
419 -305 17 17 2 1 
281 -303 17 17 0 1 
166 -581 17 17 2 1 
66 -448 17 17 0 1 
108 -498 17 17 1 1 
114 -598 17 17 0 1 
301 -167 17 17 3 1 
278 -412 17 17 3 1 
319 -80 17 17 3 1 
462 -127 17 17 2 1 
97 -294 17 17 1 1 
7 -306 17 17 3 1 
286 -163 17 17 3 1 
107 -140 17 17 1 1 
322 -85 17 17 1 1 
406 -443 17 17 1 1 
339 -50 17 17 3 1 
202 -178 17 17 1 1 
111 -408 17 17 3 1 
450 -125 17 17 1 1 
491 -453 17 17 2 1 
254 -384 17 17 2 1 
18 -580 17 17 2 1 
299 -374 17 17 2 1 
71 -364 17 17 3 1 
302 -160 17 17 1 1 
461 -460 17 17 1 1 
263 -207 17 17 2 1 
182 -557 17 17 3 1 
413 -533 17 17 0 1 
208 -564 17 17 1 1 
216 -257 17 17 1 1 
383 -86 17 17 2 1 
262 -160 17 17 2 1 
380 -383 17 17 0 1 
329 -521 17 17 3 1 
260 -324 17 17 2 1 
117 -584 17 17 1 1 
74 -277 17 17 0 1 
299 -385 17 17 1 1 
359 -437 17 17 1 1 
393 -273 17 17 2 1 
338 -320 17 17 0 1 
489 -139 17 17 0 1 
320 -326 17 17 3 1 
267 -572 17 17 2 1 
204 -200 17 17 3 1 
251 -504 17 17 3 1 
488 -63 17 17 2 1 
396 -597 17 17 2 1 
332 -59 17 17 2 1 
41 -393 17 17 1 1 
23 -92 17 17 0 1 
421 -459 17 17 0 1 
147 -573 17 17 2 1 
133 -476 17 17 3 1 
109 -265 17 17 0 1 
321 -453 17 17 2 1 
259 -479 17 17 1 1 
136 -132 17 17 3 1 
254 -553 17 17 2 1 
273 -214 17 17 1 1 
442 -255 17 17 3 1 
14 -62 17 17 0 1 
77 -273 17 17 1 1 
261 -79 17 17 2 1 
192 -568 17 17 2 1 
274 -581 17 17 2 1 
434 -65 17 17 0 1 
163 -80 17 17 1 1 
423 -494 17 17 2 1 
415 -444 17 17 0 1 
262 -536 17 17 3 1 
7 -162 17 17 1 1 
157 -424 17 17 3 1 
337 -167 17 17 1 1 
222 -91 17 17 3 1 
495 -166 17 17 3 1 
220 -160 17 17 2 1 
426 -159 17 17 0 1 
328 -169 17 17 2 1 
235 -160 17 17 1 1 
369 -127 17 17 0 1 
454 -141 17 17 1 1 
400 -579 17 17 1 1 
316 -507 17 17 3 1 
310 -160 17 17 2 1 
21 -97 17 17 2 1 
499 -569 17 17 1 1 
76 -358 17 17 2 1 
2 -282 17 17 0 1 
345 -435 17 17 1 1 
365 -223 17 17 2 1 
399 -501 17 17 2 1 
411 -92 17 17 3 1 
97 -70 17 17 0 1 
164 -288 17 17 3 1 
148 -61 17 17 1 1 
428 -244 17 17 2 1 
411 -382 17 17 3 1 
139 -593 17 17 0 1 
111 -116 17 17 0 1 
63 -160 17 17 2 1 
108 -456 17 17 2 1 
203 -436 17 17 2 1 
9 -493 17 17 0 1 
499 -116 17 17 2 1 
78 -362 17 17 3 1 
241 -229 17 17 0 1 
134 -241 17 17 2 1 
388 -506 17 17 3 1 
467 -200 17 17 2 1 
353 -222 17 17 2 1 
160 -439 17 17 2 1 
478 -165 17 17 0 1 
40 -492 17 17 2 1 
0 -408 17 17 3 1 
435 -149 17 17 3 1 
481 -196 17 17 0 1 
257 -529 17 17 0 1 
492 -309 17 17 2 1 
53 -203 17 17 0 1 
96 -237 17 17 3 1 
383 -207 17 17 0 1 
159 -261 17 17 3 1 
79 -236 17 17 2 1 
375 -160 17 17 0 1 
426 -437 17 17 0 1 
235 -255 17 17 0 1 
45 -277 17 17 3 1 
171 -283 17 17 1 1 
330 -95 17 17 0 1 
50 -403 17 17 2 1 
276 -90 17 17 3 1 
350 -293 17 17 1 1 
257 -581 17 17 3 1 
24 -118 17 17 1 1 
39 -327 17 17 3 1 
8 -569 17 17 2 1 
226 -185 17 17 0 1 
258 -184 17 17 3 1 
302 -93 17 17 0 1 
180 -389 17 17 1 1 
2 -583 17 17 3 1 
126 -462 17 17 1 1 
73 -246 17 17 0 1 
200 -256 17 17 3 1 
192 -448 17 17 1 1 
446 -160 17 17 3 1 
261 -215 17 17 2 1 
378 -555 17 17 3 1 
80 -169 17 17 1 1 
487 -88 17 17 0 1 
201 -433 17 17 2 1 
401 -61 17 17 0 1 
410 -113 17 17 0 1 
347 -160 17 17 1 1 
434 -160 17 17 0 1 
326 -98 17 17 1 1 
491 -295 17 17 2 1 
210 -564 17 17 3 1 
51 -314 17 17 0 1 
248 -132 17 17 2 1 
483 -160 17 17 3 1 
299 -107 17 17 2 1 
405 -250 17 17 3 1 
231 -269 17 17 0 1 
352 -204 17 17 0 1 
Molecules
